Class and number	v1	v2	T	T*	Lf	
I.Ai.c.1	0.3471168881	0.5327249454	6.3259139829	9.238	4
I.Ai.c.2	0.3068934205	0.1255065670	6.2346748391	19.932	8
I.Ai.c.3	0.6150407229	0.5226158545	37.3205235945	15.048	8
I.Ai.c.4	0.5379557207	0.3414578545	26.9186696160	39.075	16
I.Ai.c.5	0.4112926910	0.2607551013	20.7490650080	49.630	20
I.Ai.c.6	0.4425908552	0.4235138348	35.8334644158	57.728	24
I.Ai.c.7	0.1214534165	0.1012023800	15.7440944954	59.455	24
I.Ai.c.8	0.4094945913	0.3628231655	33.8677507235	68.673	28
I.Ai.c.9	0.5255769251	0.2501253528	43.8698538026	79.277	32
I.Ai.c.10	0.4121028725	0.2833837497	34.2470499687	79.255	32
I.Ai.c.11	0.4364192674	0.4457095477	49.5954033190	76.298	32
I.Ai.c.12	0.1182009612	0.5847367662	48.2723717545	82.749	36
I.Ai.c.13	0.4763527642	0.3789434497	53.4714914343	87.484	36
I.Ai.c.14	0.4027121690	0.2100155085	34.7120153702	89.560	36
I.Ai.c.15	0.3960494651	0.3529413931	46.1340735475	98.289	40
I.Ai.c.16	0.4340543928	0.4606927255	64.1162217970	94.824	40
I.Ai.c.17	0.1842784887	0.5871881740	63.5343529785	101.184	44
I.Ai.c.18	0.4580378828	0.4093753024	66.3519736810	106.147	44
I.Ai.c.19	0.4152505707	0.2913461808	47.9254977196	108.869	44
I.Ai.c.20	0.0969422653	0.5615968396	53.6899444096	101.174	44
I.Ai.c.21	0.4082108156	0.2436851904	48.4868513719	119.241	48
I.Ai.c.22	0.4289870678	0.4723797648	78.3984979261	113.331	48
I.Ai.c.23	0.4138807521	0.3477955684	61.8447789156	127.900	52
I.Ai.c.24	0.4905050535	0.4044215155	85.3859524958	124.747	52
I.Ai.c.25	0.1982770999	0.5760625510	73.2768117405	119.634	52
I.Ai.c.26	0.3991287659	0.1847081193	48.6673769352	129.450	52
I.Ai.c.27	0.4151691260	0.2953409098	61.3228288140	138.477	56
I.Ai.c.28	0.0490506729	0.5901941115	79.1518362736	137.886	60
I.Ai.c.29	0.3447503346	0.3930446386	67.3877746400	146.737	60
I.Ai.c.30	0.2203123981	0.5718227262	85.7935924161	138.093	60
I.Ai.c.31	0.4441311511	0.3823106072	82.3618800834	146.756	60
I.Ai.c.32	0.4041322114	0.2191641945	62.4468134238	159.167	64
I.Ai.c.33	0.4089912496	0.3457125084	75.0210999574	157.507	64
I.Ai.c.34	0.4572423635	0.4074171858	95.8806923191	154.561	64
I.Ai.c.35	0.3972193787	0.1691985386	62.6275833821	169.327	68
I.Ai.c.36	0.4160674674	0.2971499303	74.7892110946	168.084	68
I.Ai.c.37	0.1038901209	0.5907210858	92.2887207815	156.291	68
I.Ai.c.38	0.4135366646	0.2710056059	76.0285224477	178.523	72
I.Ai.c.39	0.3967429300	0.3708809839	85.9343829011	176.391	72
I.Ai.c.40	0.4073762182	0.2388431491	76.2219729678	188.847	76
I.Ai.c.41	0.1334658448	0.5838277552	102.8155095976	174.712	76
I.Ai.c.42	0.4015585101	0.2022664462	76.4010838847	199.069	80
I.Ai.c.43	0.4157753114	0.2981866614	88.0489003051	197.691	80
I.Ai.c.44	0.4188475683	0.2770588072	90.4212103693	208.148	84
I.Ai.c.45	0.3960577146	0.1586009694	76.5926988984	209.198	84
I.Ai.c.46	0.4096220179	0.2516961122	89.9866883856	218.506	88
I.Ai.c.47	0.4046803380	0.2225972157	90.1813477230	228.773	92
I.Ai.c.48	0.2744365569	0.3448729405	37.0281899697	98.299	40
I.Ai.c.49	0.5196830772	0.2059463323	61.0651489089	119.273	48
I.Ai.c.50	0.0481112024	0.5584284134	61.5066511920	119.557	52
I.Ai.c.51	0.3240593189	0.3665712251	61.6980804867	146.748	60
I.Ai.c.52	0.4392326535	0.4490130778	107.1704322355	161.864	68
I.Ai.c.53	0.4157392818	0.3443683086	90.2692922120	187.114	76
I.Ai.c.54	0.2591633491	0.5655538324	112.9677142326	175.025	76
I.Ai.c.55	0.4372549674	0.4568896400	121.6765447969	180.390	76
I.Ai.c.56	0.4713347232	0.3856148608	112.7807985048	184.312	76
I.Ai.c.57	0.1538860573	0.5805527776	114.4056830978	193.146	84
I.Ai.c.58	0.4162411626	0.4666456940	130.1232036082	198.902	84
I.Ai.c.59	0.4602603277	0.4047836526	126.1735921874	202.975	84
I.Ai.c.60	0.4260682804	0.4689275280	134.8572983004	198.903	84
I.Ai.c.61	0.4115604103	0.3439515057	103.4777852547	216.720	88
I.Ai.c.62	0.4538585041	0.4151335211	138.9526711783	221.605	92
I.Ai.c.63	0.1807391308	0.5804273075	128.9311229083	211.590	92
I.Ai.c.64	0.0616295799	0.5887684684	121.2588070481	211.428	92
I.Ai.c.65	0.4164511851	0.2985460701	101.4417348354	227.296	92
I.Ai.c.66	0.4755802612	0.3834289883	143.4920831622	232.725	96
I.Ai.c.67	0.4189618506	0.3575723235	117.5497551541	235.641	96
I.Ai.c.68	0.3998065241	0.1898070007	90.3562840799	238.958	96
I.Ai.c.69	0.1938115742	0.5776286093	140.9274473884	230.040	100
I.Ai.c.70	0.4311833725	0.4733759409	164.8353415245	235.912	100
I.Ai.c.71	0.0960540551	0.5889671026	134.1667723286	229.832	100
I.Ai.c.72	0.3952890968	0.1508523182	90.5619718006	249.067	100
I.Ai.c.73	0.4395870869	0.4502293684	164.6132228870	247.429	104
I.Ai.c.74	0.3674149486	0.3838228297	119.7236640531	254.456	104
I.Ai.c.75	0.3939961214	0.3865732823	127.4002458975	254.459	104
I.Ai.c.76	0.3430511121	0.3718832371	111.6289843304	254.460	104
I.Ai.c.77	0.4159559963	0.2988672319	114.5882843578	256.902	104
I.Ai.c.78	0.4069867693	0.2365548555	103.9566166835	258.453	104
I.Ai.c.79	0.4589974678	0.4050034288	155.7660607190	251.388	104
I.Ai.c.80	0.4139140441	0.2867091579	116.5535148563	267.382	108
I.Ai.c.81	0.4379684294	0.4556963530	179.1036444528	265.955	112
I.Ai.c.82	0.4126145620	0.3435200139	131.9570363471	275.931	112
I.Ai.c.83	0.4561844518	0.4117892184	168.9508799790	270.024	112
I.Ai.c.84	0.3985475384	0.1801838327	104.3138748764	278.839	112
I.Ai.c.85	0.4126594494	0.2674571676	117.5120633437	277.786	112
I.Ai.c.86	0.3921967782	0.3732670713	137.7155574878	284.106	116
I.Ai.c.87	0.4180525186	0.2985930530	128.3273660780	286.508	116
I.Ai.c.88	0.1382080826	0.5834341742	157.3466528910	266.675	116
I.Ai.c.89	0.3974576989	0.2491169363	115.4448017793	288.116	116
I.Ai.c.90	0.0188646524	0.5900765061	151.9903843649	266.578	116
I.Ai.c.91	0.3947500473	0.1449169673	104.5346721644	288.934	116
I.Ai.c.92	0.4146876683	0.2893277049	130.1851727452	296.995	120
I.Ai.c.93	0.4049707755	0.2243966352	117.9157508493	298.378	120
I.Ai.c.94	0.4948547469	0.3816681253	195.8237684806	299.800	124
I.Ai.c.95	0.4098282065	0.4859736518	199.4325323563	291.389	124
I.Ai.c.96	0.3557656112	0.2101434426	110.1033827881	308.577	124
I.Ai.c.97	0.1458080611	0.5760627737	164.8777227366	285.109	124
I.Ai.c.98	0.4373040972	0.1890148898	125.7688001626	308.577	124
I.Ai.c.99	0.3693848766	0.2787954099	121.4331832032	307.415	124
I.Ai.c.100	0.0670760777	0.5889627892	163.9101889958	284.971	124
I.Ai.c.101	0.4024084539	0.3670928188	153.5887772816	313.740	128
I.Ai.c.102	0.4101448519	0.2545904027	131.4852184733	317.767	128
I.Ai.c.103	0.3976053675	0.1724965035	118.2740940483	318.716	128
I.Ai.c.104	0.4070387234	0.3507052842	155.3531711573	324.480	132
I.Ai.c.105	0.3654211421	0.1497581124	113.5033068728	328.800	132
I.Ai.c.106	0.3288064734	0.2480300294	116.7651488382	328.060	132
I.Ai.c.107	0.0921822548	0.5888237645	176.5993385200	303.375	132
I.Ai.c.108	0.3943552252	0.1402131694	118.5101674005	328.800	132
I.Ai.c.109	0.4164334853	0.2763211125	145.5011286545	337.039	136
I.Ai.c.110	0.4033838433	0.2143907433	131.8709942386	338.289	136
I.Ai.c.111	0.1818464802	0.5795638348	195.8266870843	321.997	140
I.Ai.c.112	0.4109222799	0.3490743143	170.4845107382	354.091	144
I.Ai.c.113	0.4159829843	0.2928634271	157.4236701613	356.215	144
I.Ai.c.114	0.3968779003	0.1661961334	132.2368607224	358.590	144
I.Ai.c.115	0.3369172422	0.2901238678	139.2379425543	366.661	148
I.Ai.c.116	0.4786094582	0.2027583452	167.5764021354	367.991	148
I.Ai.c.117	0.1262212709	0.5844212753	199.4597414280	340.210	148
I.Ai.c.118	0.3596345346	0.3768544947	165.4459242130	362.173	148
I.Ai.c.119	0.3735693647	0.3814544097	171.6871768580	362.171	148
I.Ai.c.120	0.3940559464	0.1363870337	132.4879124177	368.666	148
I.Ai.c.121	0.0398375597	0.5900216545	194.6214443391	340.118	148
I.Ai.c.122	0.3366050958	0.1545246545	122.1507473925	368.667	148
I.Ai.c.123	0.4148912516	0.3594943116	185.0089900186	372.989	152
I.Ai.c.124	0.4021066869	0.2059880758	145.8250755871	378.190	152
I.Ai.c.125	0.2984912721	0.2642719294	134.6157747992	387.392	156
I.Ai.c.126	0.3151887676	0.2026092096	129.5701866405	388.355	156
I.Ai.c.127	0.3682819786	0.0540125357	129.1627539603	388.682	156
I.Ai.c.128	0.4094064944	0.2504917575	159.2238172130	387.380	156
I.Ai.c.129	0.3963021063	0.1609272065	146.2019999818	398.462	160
I.Ai.c.130	0.4858230168	0.1897852046	186.6816128151	407.911	164
I.Ai.c.131	0.3938225013	0.1332100629	146.4674258412	408.531	164
I.Ai.c.132	0.2844202818	0.2576751665	144.7361096869	427.351	172
I.Ai.c.133	0.3613650149	0.0662137880	141.3166709722	428.547	172
I.Ai.c.134	0.4052729644	0.2262551267	173.3843818847	437.587	176
I.Ai.c.135	0.2792503345	0.2309398618	146.5213559661	447.823	180
I.Ai.c.136	0.4088863339	0.2475714173	186.9603460122	456.990	184
I.Ai.c.137	0.2755037979	0.2512907499	155.4548586490	467.296	188
I.Ai.c.138	0.3000356874	0.1954805934	152.1599660045	468.121	188
I.Ai.c.139	0.2759217512	0.2671023857	164.8956499133	486.678	196
I.Ai.c.140	0.3060236507	0.1574877923	155.4631165813	488.269	196
I.Ai.c.141	0.2738106556	0.2266665399	157.9002511121	487.729	196
I.Ai.c.142	0.2716635736	0.2803602873	173.2990630202	505.979	204
I.Ai.c.143	0.2690738475	0.2460748830	166.5414191753	507.230	204
I.Ai.c.144	0.2813047676	0.2931043691	185.0094674080	525.199	212
I.Ai.c.145	0.2844033114	0.2864772055	184.1463025888	525.201	212
I.Ai.c.146	0.3406159593	0.0878815592	176.4815564147	548.142	220
I.Ai.c.147	0.2745076841	0.2185259293	182.4778598891	567.527	228
I.Ai.c.148	0.5236560165	0.2615293843	77.5451687834	138.512	56
I.Ai.c.149	0.5252433392	0.2395323622	97.1790201428	178.571	72
I.Ai.c.150	0.2485711669	0.2285602706	62.8143378441	199.118	80
I.Ai.c.151	0.4717436769	0.4159399383	127.4097749092	191.768	80
I.Ai.c.152	0.4244996083	0.4906100936	136.0765222404	187.283	80
I.Ai.c.153	0.3303010815	0.4704859697	107.3481952603	198.916	84
I.Ai.c.154	0.2538439618	0.5599410925	121.1861154175	193.495	84
I.Ai.c.155	0.4824594978	0.3739325421	131.7096541850	214.035	88
I.Ai.c.156	0.4299480127	0.4772693278	179.4317919632	254.406	108
I.Ai.c.157	0.2242029652	0.5716643145	178.2257295831	285.417	124
I.Ai.c.158	0.4721688158	0.3825825184	189.2718322389	310.866	128
I.Ai.c.159	0.2338958736	0.5689557210	190.6014315264	303.881	132
I.Ai.c.160	0.4067612870	0.2352215102	131.6910976773	328.058	132
I.Ai.c.161	0.4664129400	0.2183545493	147.4412391934	328.060	132
I.Ai.c.162	0.1082811863	0.5839631505	185.8736775605	321.788	140
I.Ai.c.163	0.3733531828	0.0372160210	116.4750673801	348.816	140
I.Ai.c.164	0.3289795673	0.2068164036	118.9835822292	348.468	140
I.Ai.c.165	0.4000579116	0.1916547891	132.0453999094	348.465	140
I.Ai.c.166	0.4122855598	0.2657302751	159.0067612686	377.047	152
I.Ai.c.167	0.3897682267	0.3744628158	189.3994398298	391.821	160
I.Ai.c.168	0.3218496119	0.1559752782	132.7019091118	408.535	164
I.Ai.c.169	0.2959833070	0.2812516245	143.8012840531	406.693	164
I.Ai.c.170	0.4132174699	0.2698100668	172.7929755123	406.678	164
I.Ai.c.171	0.4010600790	0.1988153634	159.7793954306	418.084	168
I.Ai.c.172	0.3983719278	0.1787862095	159.9605934536	428.228	172
I.Ai.c.173	0.4134354098	0.2854601690	185.1176308487	425.893	172
I.Ai.c.174	0.4920112032	0.1412368522	190.8552755255	428.247	172
I.Ai.c.175	0.3958370784	0.1564483425	160.1693147940	438.332	176
I.Ai.c.176	0.2816607693	0.2752504513	153.9063858244	446.695	180
I.Ai.c.177	0.4155517978	0.2960847052	197.4708451315	445.039	180
I.Ai.c.178	0.3124918736	0.1567548343	143.9064578456	448.402	180
I.Ai.c.179	0.3936357530	0.1305277271	160.4482656408	448.395	180
I.Ai.c.180	0.3977453372	0.1736695550	173.9208149453	468.105	188
I.Ai.c.181	0.4065107464	0.2337325768	187.1598824391	467.267	188
I.Ai.c.182	0.3934827897	0.1282315783	174.4300043958	488.259	196
I.Ai.c.183	0.4514746238	0.0973655800	192.4707838219	488.269	196
I.Ai.c.184	0.3994542144	0.1871787471	187.6908780809	497.857	200
I.Ai.c.185	0.3466891157	0.0826041253	164.7857262001	508.277	204
I.Ai.c.186	0.3951370317	0.1492265626	188.1097039559	518.068	208
I.Ai.c.187	0.2704861637	0.2617400496	176.1949991668	526.644	212
I.Ai.c.188	0.2701991673	0.2977922273	183.6255697046	525.201	212
I.Ai.c.189	0.2719181145	0.2227169845	169.8054736884	527.630	212
I.Ai.c.190	0.3933545122	0.1262431781	188.4122024989	528.123	212
I.Bi.c.1	0.4644451728	0.3960600146	14.8943051743	24.206	10
I.Bi.c.2	0.4059155671	0.2301631260	13.8671234361	34.802	14
I.Bi.c.3	0.0833000718	0.1278892555	10.4648495256	39.644	16
I.Bi.c.4	0.0805842255	0.5888360898	21.2723373956	36.771	16
I.Bi.c.5	0.4391659182	0.4529676431	28.6692709402	42.782	18
I.Bi.c.6	0.3834435199	0.3773636946	25.8392363356	53.857	22
I.Bi.c.7	0.1862378160	0.5787138661	33.6414187604	55.204	24
I.Bi.c.8	0.4290898149	0.4753132903	42.8299661050	61.290	26
I.Bi.c.9	0.4149129608	0.2746187551	27.6646471048	64.445	26
I.Bi.c.10	0.3980444335	0.1761383334	27.8234143343	74.695	30
I.Bi.c.11	0.2302567240	0.5696545030	46.0668997027	73.662	32
I.Bi.c.12	0.4281877764	0.3550351874	42.3641397966	83.484	34
I.Bi.c.13	0.3580870041	0.4976954491	49.6315066172	79.780	34
I.Bi.c.14	0.4097171234	0.4392219554	54.0572550607	91.244	38
I.Bi.c.15	0.4143481483	0.2881031095	41.1260553556	94.063	38
I.Bi.c.16	0.2590629830	0.5643154612	59.1751946306	92.130	40
I.Bi.c.17	0.3956370780	0.1544499871	41.7884305464	114.567	46
I.Bi.c.18	0.4092519851	0.3498343142	54.3261092062	113.095	46
I.Bi.c.19	0.2776121408	0.5600955198	72.2975181708	110.601	48
I.Bi.c.20	0.4174078020	0.2932839393	54.8606819583	123.673	50
I.Bi.c.21	0.4110550483	0.4029989043	71.3849893061	131.914	54
I.Bi.c.22	0.4099321826	0.2534182814	55.3680130042	134.068	54
I.Bi.c.23	0.1287022901	0.5842440794	75.5738965721	128.730	56
I.Bi.c.24	0.4019178915	0.2047154472	55.5565256091	144.315	58
I.Bi.c.25	0.4532653563	0.4161260139	87.6578887763	139.667	58
I.Bi.c.26	0.4156793762	0.2964031093	68.0656402822	153.281	62
I.Bi.c.27	0.4805889690	0.3753996716	92.5604403814	150.759	62
I.Bi.c.28	0.4282751070	0.4640165419	98.6494595687	146.864	62
I.Bi.c.29	0.1551825144	0.5792904049	86.8760972509	147.164	64
I.Bi.c.30	0.3388749658	0.2763529104	61.2294979456	163.709	66
I.Bi.c.31	0.4124421756	0.2664662522	69.1294839452	163.708	66
I.Bi.c.32	0.3751487886	0.0241612662	54.9741990396	164.442	66
I.Bi.c.33	0.4125928452	0.3449403658	82.6214161579	172.311	70
I.Bi.c.34	0.4757948431	0.1603050376	79.9971544120	184.207	74
I.Bi.c.35	0.4141289440	0.2980760641	81.1505833629	182.888	74
I.Bi.c.36	0.3212269533	0.2046903079	62.0875306826	184.206	74
I.Bi.c.37	0.4039945439	0.3662946692	93.7855168318	191.207	78
I.Bi.c.38	0.3939323748	0.1347283909	69.7387381695	194.299	78
I.Bi.c.39	0.2904226486	0.2609195136	69.7665857553	203.687	82
I.Bi.c.40	0.4942684807	0.2201949355	98.6353340741	203.687	82
I.Bi.c.41	0.3650027028	0.0605128530	67.6506508279	204.307	82
I.Bi.c.42	0.4160188002	0.2984267206	94.7278887029	212.494	86
I.Bi.c.43	0.4032437210	0.2134855934	83.2915115056	213.925	86
I.Bi.c.44	0.2995058112	0.2924056736	80.3687190155	222.964	90
I.Bi.c.45	0.4954934838	0.1360770719	100.4005086563	224.095	90
I.Bi.c.46	0.3029165156	0.1970668629	73.2064153230	224.090	90
I.Bi.c.47	0.4105107221	0.2565879477	96.8662425654	233.329	94
I.Bi.c.48	0.3935556862	0.1293368487	83.7195247407	234.164	94
I.Bi.c.49	0.3501125857	0.0793401820	79.4749538995	244.172	98
I.Bi.c.50	0.4013534478	0.2008553668	97.2456382734	253.823	102
I.Bi.c.51	0.2666293299	0.2779915428	89.2809106554	262.991	106
I.Bi.c.52	0.2935043434	0.1914491983	84.8189274623	263.969	106
I.Bi.c.53	0.3969872473	0.1671666821	97.4321722312	263.958	106
I.Bi.c.54	0.3932974661	0.1253456024	97.7016625145	274.027	110
I.Bi.c.55	0.4030477277	0.0469627166	99.9681279479	284.035	114
I.Bi.c.56	0.4012891619	0.4985422646	68.5536700625	98.262	42
I.Bi.c.57	0.2840814898	0.5556089363	83.9820579378	129.074	56
I.Bi.c.58	0.4391638095	0.3451673262	72.9606345288	142.704	58
I.Bi.c.59	0.3945382374	0.1424370298	55.7610531376	154.434	62
I.Bi.c.60	0.4812679815	0.2803015236	93.0193545419	182.890	74
I.Bi.c.61	0.4567265227	0.4110980415	117.6542984464	188.085	78
I.Bi.c.62	0.1998578918	0.5751811878	112.6005586813	184.064	80
I.Bi.c.63	0.4731193722	0.3817523595	121.3718607541	199.175	82
I.Bi.c.64	0.4324559260	0.4468425955	125.9650168972	195.379	82
I.Bi.c.65	0.4329467422	0.4287307557	126.6430122618	206.699	86
I.Bi.c.66	0.1106525804	0.5843723566	117.2006330167	202.269	88
I.Bi.c.67	0.2160100270	0.5721577857	125.2096376354	202.524	88
I.Bi.c.68	0.4139613585	0.3600046586	109.4116313918	220.831	90
I.Bi.c.69	0.1346825430	0.5825466616	129.3971645144	220.693	96
I.Bi.c.70	0.4155669785	0.2988428103	107.8898275282	242.099	98
I.Bi.c.71	0.4601989074	0.4074300958	148.0286393030	236.501	98
I.Bi.c.72	0.4358120735	0.4591466107	157.2189925171	232.431	98
I.Bi.c.73	0.4132841481	0.2851290367	109.6943890164	252.574	102
I.Bi.c.74	0.1522366536	0.5809723053	141.6339896130	239.127	104
I.Bi.c.75	0.0426815497	0.5900333430	136.8666399610	239.002	104
I.Bi.c.76	0.4119987609	0.2643427092	110.6260549697	262.969	106
I.Bi.c.77	0.5118118742	0.2366710013	136.7985866536	262.991	106
I.Bi.c.78	0.4571979692	0.4150480887	161.5490315022	255.123	106
I.Bi.c.79	0.4079238316	0.2420300626	110.8414293129	273.286	110
I.Bi.c.80	0.4161585901	0.2988955475	121.2499818512	271.705	110
I.Bi.c.81	0.1774072601	0.5821912520	157.3853633779	257.570	112
I.Bi.c.82	0.5142298286	0.2568912491	152.2860975586	282.212	114
I.Bi.c.83	0.4039097291	0.2177564200	111.0262814993	283.532	114
I.Bi.c.84	0.4445769891	0.4487033431	188.8772873282	280.945	118
I.Bi.c.85	0.3999556835	0.1909060542	111.2008319293	293.712	118
I.Bi.c.86	0.4133120318	0.2701767161	124.4101367285	292.601	118
I.Bi.c.87	0.1066778795	0.5948382311	165.7269258467	275.811	120
I.Bi.c.88	0.4158199333	0.2990314521	134.3908162915	301.310	122
I.Bi.c.89	0.3985640110	0.3698314086	145.9028456537	298.924	122
I.Bi.c.90	0.4094842993	0.2509272653	124.6052699892	302.943	122
I.Bi.c.91	0.5128091369	0.2180249116	154.2378088693	302.976	122
I.Bi.c.92	0.3962177869	0.1601311749	111.3973050444	303.830	122
I.Bi.c.93	0.4149780095	0.2904029941	136.9824352416	311.800	126
I.Bi.c.94	0.4540683260	0.4147166692	190.2328210125	303.544	126
I.Bi.c.95	0.4035798187	0.3517272858	147.4168577881	309.675	126
I.Bi.c.96	0.3931011977	0.1222707697	111.6831379999	313.891	126
I.Bi.c.97	0.1229330287	0.5846239911	172.1857297973	294.229	128
I.Bi.c.98	0.2584123338	0.2319416805	103.4515732794	323.470	130
I.Bi.c.99	0.4023586867	0.2076743922	124.9805591011	323.435	130
I.Bi.c.100	0.3989023581	0.0587531871	113.4691210308	323.898	130
I.Bi.c.101	0.4367428362	0.3606385790	172.3247110027	328.554	134
I.Bi.c.102	0.4784306757	0.3771895698	199.5148149879	325.727	134
I.Bi.c.103	0.4064178832	0.3648162353	161.5522956612	328.554	134
I.Bi.c.104	0.1395147893	0.5832722105	184.5789530252	312.657	136
I.Bi.c.105	0.0532000567	0.5910456775	180.2118985604	312.544	136
I.Bi.c.106	0.4155474891	0.2921682541	150.5786020101	341.411	138
I.Bi.c.107	0.4075222377	0.2396965085	138.5765198727	342.892	138
I.Bi.c.108	0.3451744845	0.3808525684	155.6845054611	347.340	142
I.Bi.c.109	0.4043102769	0.2202849054	138.7609319540	353.138	142
I.Bi.c.110	0.4218640175	0.2770211780	153.8442992753	351.850	142
I.Bi.c.111	0.3929297393	0.1198339408	125.6607884377	353.754	142
I.Bi.c.112	0.1502500844	0.5819772796	196.4574240736	331.091	144
I.Bi.c.113	0.2563482201	0.2261374828	115.3093440018	363.373	146
I.Bi.c.114	0.4122588665	0.3610576585	177.1374986605	358.178	146
I.Bi.c.115	0.4011284717	0.1992930016	138.9348056259	363.330	146
I.Bi.c.116	0.3970105843	0.0653064641	127.2370563374	363.762	146
I.Bi.c.117	0.4123635119	0.3484019438	177.9654310661	368.895	150
I.Bi.c.118	0.0148838157	0.5682653432	184.4789881904	349.319	152
I.Bi.c.119	0.2606923122	0.2911653502	130.7643465810	381.509	154
I.Bi.c.120	0.4178518268	0.3580393477	193.1285092053	387.799	158
I.Bi.c.121	0.4127521388	0.2678683319	165.8951639982	391.863	158
I.Bi.c.122	0.4030019190	0.2119143431	152.7155517041	393.045	158
I.Bi.c.123	0.3927437429	0.1178691817	139.6277439076	393.618	158
I.Bi.c.124	0.4147362902	0.2949369415	177.1359109432	400.628	162
I.Bi.c.125	0.3193090588	0.1018501668	126.8823101525	403.634	162
I.Bi.c.126	0.4001323444	0.1921976871	152.8899791889	403.219	162
I.Bi.c.127	0.4129154675	0.2844468071	178.2176770073	411.086	166
I.Bi.c.128	0.3973680105	0.1704797689	153.0783295506	413.348	166
I.Bi.c.129	0.4072545124	0.2381300512	166.3113175694	412.498	166
I.Bi.c.130	0.4045775130	0.2219569575	166.4954609423	422.743	170
I.Bi.c.131	0.3948281582	0.1458085489	153.3085182072	423.435	170
I.Bi.c.132	0.4108695302	0.2585197447	179.8624087934	431.850	174
I.Bi.c.133	0.3924554987	0.1162941173	153.5622330784	433.481	174
I.Bi.c.134	0.4083876444	0.2446989126	180.0795834157	442.161	178
I.Bi.c.135	0.3952920978	0.0730045437	155.0210535632	443.488	178
I.Bi.c.136	0.4116924345	0.2628122619	193.6216330479	461.490	186
I.Bi.c.137	0.3445561301	0.2603927098	174.5534838128	471.819	190
I.Bi.c.138	0.4010075001	0.1984472605	180.6239886836	472.838	190
I.Bi.c.139	0.3493341960	0.2098620100	166.9519921840	472.839	190
I.Bi.c.140	0.3915508594	0.1152445699	167.3247662290	473.344	190
I.Bi.c.141	0.3986254119	0.1807988654	180.8044298919	482.984	194
I.Bi.c.142	0.4336920022	0.1476782466	192.7791207202	493.094	198
I.Bi.c.143	0.3963541512	0.1614152259	181.0067311093	493.093	198
I.Bi.c.144	0.4024848426	0.2085131141	194.4045903694	502.556	202
I.Bi.c.145	0.3942996878	0.1395218939	181.2594734783	503.167	202
I.Bi.c.146	0.3190182619	0.2561011852	181.2227405768	511.775	206
I.Bi.c.147	0.3321031966	0.2075124897	175.9799936209	512.730	206
I.Bi.c.148	0.4002334723	0.1929322974	194.5791562365	512.726	206
I.Bi.c.149	0.3941006143	0.1369745839	195.2372295764	543.032	218
I.Bi.c.150	0.3135653929	0.2823975233	199.6963199692	550.395	222
I.Bi.c.151	0.3028596325	0.2513678491	190.0141857350	551.721	222
I.Bi.c.152	0.3448466385	0.1310471303	182.8204654697	553.071	222
I.Bi.c.153	0.3016985230	0.2653178570	199.5506880072	571.096	230
I.Bi.c.154	0.2998118429	0.2294251194	191.7840057235	572.180	230
I.Bi.c.155	0.3310536467	0.1351316515	192.5759642513	592.936	238
I.Bi.c.156	0.3980393062	0.5038904789	82.2493251383	116.742	50
I.Bi.c.157	0.2952861660	0.5534590851	97.3499809159	147.548	64
I.Bi.c.158	0.4798380897	0.4113090190	106.5560380694	158.258	66
I.Bi.c.159	0.4137787743	0.3437200842	111.0557458846	231.523	94
I.Bi.c.160	0.3682877800	0.3998940275	116.9320547074	239.621	98
I.Bi.c.161	0.4646477988	0.3883460870	149.4861493038	247.589	102
I.Bi.c.162	0.4031162525	0.4617331826	155.9939695150	250.938	106
I.Bi.c.163	0.4238959747	0.4719118617	170.7096365279	250.941	106
I.Bi.c.164	0.4207783634	0.4487423577	176.2188318361	280.945	118
I.Bi.c.165	0.4554244658	0.4087724748	176.4254157280	284.916	118
I.Bi.c.166	0.5090827977	0.1065690769	138.5002592220	303.862	122
I.Bi.c.167	0.3988858353	0.1828353597	125.1579036819	333.594	134
I.Bi.c.168	0.4107436209	0.2578452663	138.3643307774	332.590	134
I.Bi.c.169	0.5114846883	0.1521301286	172.1153250253	363.374	146
I.Bi.c.170	0.4088301474	0.2472647559	152.3413800632	372.553	150
I.Bi.c.171	0.3611442582	0.3727080944	171.2956907056	377.002	154
I.Bi.c.172	0.2815716369	0.1833006566	120.7209378107	383.594	154
I.Bi.c.173	0.3951862673	0.1497568031	139.3358032464	383.568	154
I.Bi.c.174	0.4158315105	0.3472324558	193.3502089464	398.504	162
I.Bi.c.175	0.4137016788	0.2715755177	179.7068265589	421.492	170
I.Bi.c.176	0.4153946800	0.2957299894	190.7321992213	430.236	174
I.Bi.c.177	0.3993116206	0.1861014901	166.8464696440	443.103	178
I.Bi.c.178	0.4138089784	0.2864083402	191.9755354947	440.701	178
I.Bi.c.179	0.3968143060	0.1656275217	167.0415888648	453.221	182
I.Bi.c.180	0.4034485563	0.2148073995	180.4504761328	462.653	186
I.Bi.c.181	0.4093563853	0.2502114533	193.8423157244	471.817	190
I.Bi.c.182	0.4443735176	0.1849048718	194.9787589138	472.839	190
I.Bi.c.183	0.3948446667	0.0755442635	168.9641243034	483.351	194
I.Bi.c.184	0.3520864423	0.1736619942	169.5279904498	493.094	198
I.Bi.c.185	0.3288872593	0.2366097357	173.0921124629	492.352	198
I.Bi.c.186	0.3691268433	0.1230538137	175.3859687881	513.207	206
I.Bi.c.187	0.3945254084	0.0775864607	182.9237531924	523.214	210
I.Bi.c.188	0.3304190862	0.1753063381	177.6311331786	532.966	214
I.Bi.c.189	0.3942881027	0.0792702101	196.8942769930	563.077	226
I.Bi.c.190	0.3165116655	0.1757233721	187.3222444953	572.838	230
I.Bi.c.191	0.3134547198	0.2019372816	197.1007090614	592.504	238
II.Ai.c.1	0.4239199957	0.4890252375	121.7417821220	168.801	72
II.Ai.c.2	0.4210931065	0.4930983422	135.8627697832	187.283	80
II.Ai.c.3	0.3202131331	0.3028156498	145.3317595261	385.829	156
II.Ai.c.4	0.0262032843	0.6907471490	46.5767068651	51.302	24
II.Bi.c.1	0.3962186234	0.5086826315	96.4358796119	135.220	58
II.Bi.c.2	0.2517755120	0.2667371937	99.8166259190	302.976	122
II.Bi.c.3	0.5091186403	0.1142951579	120.8830891862	263.980	106
II.Bi.c.4	0.2070614316	0.5772071599	183.2613461906	294.470	128
II.Bi.c.5	0.2465911029	0.2579795310	111.2623782794	342.935	138
II.Bi.c.6	0.0699202568	0.6190218805	95.2884025970	147.108	64
II.Bi.c.7	0.3956548748	0.5097716060	109.8746683440	153.696	66
II.Bi.c.8	0.3064804236	0.5513199378	111.1933380875	166.023	72
II.Bi.c.9	0.5122100376	0.1633529632	155.0269037645	323.470	130
II.Bi.c.10	0.5152772213	0.2342147738	189.7694426662	362.277	146
II.Ci.c.1	0.2827020949	0.3272089716	10.9633031497	29.602	12
II.Ci.c.2	0.5647061130	0.5368389792	54.7501910522	30.615	14
II.Ci.c.3	0.5225201635	0.2268083872	26.3193848826	49.643	20
II.Ci.c.4	0.2016783093	0.4098955437	21.0205158972	53.923	22
II.Ci.c.5	0.5512729728	0.5504821832	86.9417019465	48.666	22
II.Ci.c.6	0.5233890828	0.3421147815	44.9302453896	68.687	28
II.Ci.c.7	0.4737427040	0.4312766992	46.8946539631	67.014	28
II.Ci.c.8	0.2433845587	0.2505166924	22.3333787897	69.623	28
II.Ci.c.9	0.1739184309	0.1140843875	21.7535340992	79.380	32
II.Ci.c.10	0.1448119296	0.5428981413	38.0630301501	73.656	32
II.Ci.c.11	0.1359037483	0.5406786957	37.5276119206	73.655	32
II.Ci.c.12	0.5547060649	0.2721678509	52.9480727303	83.484	34
II.Ci.c.13	0.4458173723	0.4924872346	62.5459036895	79.776	34
II.Ci.c.14	0.5368578744	0.3705761039	60.5607353967	81.946	34
II.Ci.c.15	0.5196491506	0.3533207146	57.9902773954	87.485	36
II.Ci.c.16	0.2449726867	0.5690681065	52.9395192839	82.896	36
II.Ci.c.17	0.5164575299	0.1638309455	43.4746638318	89.583	36
II.Ci.c.18	0.4052765310	0.4961906801	62.2999748903	89.021	38
II.Ci.c.19	0.1868592137	0.2044548811	27.7253651277	94.814	38
II.Ci.c.20	0.3026158825	0.3576846960	37.1769633336	92.900	38
II.Ci.c.21	0.5044568709	0.3973785294	70.8348253915	100.524	42
II.Ci.c.22	0.2661160110	0.5520357440	62.9864913052	101.369	44
II.Ci.c.23	0.2865945055	0.5607550065	67.5864018030	101.366	44
II.Ci.c.24	0.0882838085	0.3615155443	35.8170122339	107.796	44
II.Ci.c.25	0.5159476361	0.1444933284	52.2126924444	109.534	44
II.Ci.c.26	0.3970546540	0.4996659112	74.4041641681	107.502	46
II.Ci.c.27	0.4168220336	0.3303332949	55.7893112814	118.396	48
II.Ci.c.28	0.2663548692	0.3359619580	43.5341483568	118.413	48
II.Ci.c.29	0.4293246983	0.3737393096	64.8733105441	122.532	50
II.Ci.c.30	0.2542679242	0.2153811120	40.5931469775	129.480	52
II.Ci.c.31	0.5059387393	0.3894005400	86.4180127242	124.733	52
II.Ci.c.32	0.4110200317	0.4114629190	72.8712103518	131.908	54
II.Ci.c.33	0.4158187604	0.3068035415	60.1507436615	133.196	54
II.Ci.c.34	0.4480473854	0.4596449839	96.8391326694	137.607	58
II.Ci.c.35	0.4177015960	0.3034552740	66.7511112061	147.998	60
II.Ci.c.36	0.2710171846	0.5711013679	93.0418702843	138.097	60
II.Ci.c.37	0.3499168589	0.2508093737	56.8351605485	154.045	62
II.Ci.c.38	0.3783890881	0.5100736088	98.6023217127	144.458	62
II.Ci.c.39	0.4270829576	0.3403174863	80.0382219001	162.799	66
II.Ci.c.40	0.1703649368	0.5803609520	94.1583429936	156.387	68
II.Ci.c.41	0.4762205782	0.2687092179	85.3959959932	173.320	70
II.Ci.c.42	0.4318334213	0.1223893080	66.8092062353	174.367	70
II.Ci.c.43	0.4146425708	0.3012162581	79.2835610170	177.602	72
II.Ci.c.44	0.2710036741	0.3121152228	63.3936161404	177.616	72
II.Ci.c.45	0.4234217026	0.2989326748	87.2610777514	192.404	78
II.Ci.c.46	0.3282929621	0.1554041101	63.6556668110	194.300	78
II.Ci.c.47	0.2950615495	0.2386718494	65.2298654293	193.976	78
II.Ci.c.48	0.4069563704	0.3543774452	94.7746114120	196.579	80
II.Ci.c.49	0.4182604701	0.2994822960	92.9809890454	207.206	84
II.Ci.c.50	0.2881254754	0.2779750581	74.3601049133	213.349	86
II.Ci.c.51	0.2833115180	0.2333212957	70.5062877151	213.934	86
II.Ci.c.52	0.4473380629	0.1056541774	84.0347942344	214.234	86
II.Ci.c.53	0.4121687384	0.3002886778	98.4332144983	222.009	90
II.Ci.c.54	0.3351806004	0.3540343105	96.9055687195	231.480	94
II.Ci.c.55	0.2761024483	0.2287323888	76.0753942955	233.888	94
II.Ci.c.56	0.4502872480	0.0999875045	92.1831437265	234.168	94
II.Ci.c.57	0.2793033126	0.2712019544	79.7728571001	233.344	94
II.Ci.c.58	0.2723827379	0.2246817404	81.8883337850	253.840	102
II.Ci.c.59	0.2726258099	0.2206843436	88.0168046313	273.789	110
II.Ci.c.60	0.2769769990	0.2163211708	94.5261869045	293.737	118
II.Ci.c.61	0.6696859765	0.4862798575	111.6735511043	33.168	16
II.Ci.c.62	0.1467711144	0.1988238982	15.5852040984	54.959	22
II.Ci.c.63	0.2980305901	0.6485348678	63.9306478929	61.240	26
II.Ci.c.64	0.1066062988	0.2369740501	21.4593318053	74.728	30
II.Ci.c.65	0.1189697937	0.5386581099	41.4367113206	82.848	36
II.Ci.c.66	0.1349579489	0.1388158691	26.9173582655	99.303	40
II.Ci.c.67	0.0190962965	0.7880982771	174.4738106853	88.413	40
II.Ci.c.68	0.5313917017	0.3440533419	72.8917817632	107.762	44
II.Ci.c.69	0.1983287250	0.1083646402	33.1578999528	119.204	48
II.Ci.c.70	0.3961359419	0.5075990479	82.9095584181	116.741	50
II.Ci.c.71	0.3890589703	0.4364126051	67.5933134073	121.028	50
II.Ci.c.72	0.4662602934	0.4781121788	97.8521357163	122.573	52
II.Ci.c.73	0.3912900930	0.5083913706	88.5152268416	125.981	54
II.Ci.c.74	0.0475462969	0.5646588375	72.4005108986	137.919	60
II.Ci.c.75	0.2744207740	0.5580117379	89.1716635083	138.312	60
II.Ci.c.76	0.3631543956	0.4101572180	72.5369395460	146.759	60
II.Ci.c.77	0.2855135908	0.5556857756	90.2667574352	138.311	60
II.Ci.c.78	0.2575762954	0.2092185043	46.7559266660	149.424	60
II.Ci.c.79	0.2825899895	0.5574593048	96.3976373998	147.549	64
II.Ci.c.80	0.4617804462	0.3849338004	101.4930532952	170.969	70
II.Ci.c.81	0.4456464329	0.3434928347	89.2721503494	172.311	70
II.Ci.c.82	0.3379452918	0.5474555148	117.6340486503	166.030	72
II.Ci.c.83	0.3129165204	0.5484741376	111.5227089594	166.023	72
II.Ci.c.84	0.2968893204	0.5439638834	106.0964315543	166.027	72
II.Ci.c.85	0.2512495838	0.5669129966	106.1149733422	165.791	72
II.Ci.c.86	0.3992808324	0.5094959441	124.2440256690	172.173	74
II.Ci.c.87	0.2254087369	0.3469436377	66.3522685919	185.770	76
II.Ci.c.88	0.5234738074	0.3430125576	122.6793293886	187.099	76
II.Ci.c.89	0.2645261109	0.5649476217	113.7789661432	175.026	76
II.Ci.c.90	0.3753943858	0.5199969079	127.3458631987	181.409	78
II.Ci.c.91	0.3734356168	0.5183824717	125.9373100767	181.411	78
II.Ci.c.92	0.4243049239	0.4900563659	135.7270472138	187.284	80
II.Ci.c.93	0.4778578506	0.4362351173	138.1973477797	191.760	80
II.Ci.c.94	0.4478725342	0.4242755759	121.1471674140	191.761	80
II.Ci.c.95	0.3680416437	0.5200194559	131.2837960007	190.649	82
II.Ci.c.96	0.4439740574	0.4220558056	122.5262152360	197.395	82
II.Ci.c.97	0.5049855347	0.4003409209	143.1429402354	201.045	84
II.Ci.c.98	0.3619688366	0.5160511236	131.3618489148	196.510	84
II.Ci.c.99	0.4963272196	0.2750082245	111.8364019177	212.500	86
II.Ci.c.100	0.1600479685	0.5830974531	121.7551058696	202.368	88
II.Ci.c.101	0.5102908231	0.3575901413	144.7874249037	223.383	92
II.Ci.c.102	0.5032871392	0.2685375206	123.6355912506	232.553	94
II.Ci.c.103	0.4831068889	0.3429708664	133.0041037254	231.494	94
II.Ci.c.104	0.4600987572	0.4389868308	154.3254142371	225.270	94
II.Ci.c.105	0.4135304700	0.2998696032	105.2365923011	236.811	96
II.Ci.c.106	0.4300124259	0.3554749370	120.2233121235	235.641	96
II.Ci.c.107	0.4128800187	0.4868642357	159.3592373143	230.096	98
II.Ci.c.108	0.2337840221	0.4711247940	107.6906838559	232.442	98
II.Ci.c.109	0.5021284225	0.4265371911	178.9211696576	234.551	98
II.Ci.c.110	0.2164867425	0.5799872016	146.6171327324	230.040	100
II.Ci.c.111	0.3579867923	0.3621287896	108.4386863974	245.065	100
II.Ci.c.112	0.4031141443	0.5020964921	165.8327705497	233.483	100
II.Ci.c.113	0.4481845220	0.3602811878	132.3386808547	245.065	100
II.Ci.c.114	0.5500731263	0.3814634479	196.2411230097	243.818	102
II.Ci.c.115	0.3562032573	0.5250003095	161.1788109414	236.834	102
II.Ci.c.116	0.4118599465	0.3432155311	120.0533167933	251.614	102
II.Ci.c.117	0.4801960806	0.2871406271	129.0160097094	251.594	102
II.Ci.c.118	0.5371658731	0.3984943066	195.6689329179	243.818	102
II.Ci.c.119	0.2725820526	0.2644346962	85.2269842957	253.331	102
II.Ci.c.120	0.4500287021	0.4212626102	157.2987714029	249.489	104
II.Ci.c.121	0.4438767435	0.4225775888	158.5428263415	255.123	106
II.Ci.c.122	0.0931957583	0.5754064016	137.7843111275	248.248	108
II.Ci.c.123	0.4175301746	0.3430957060	128.7472932221	266.417	108
II.Ci.c.124	0.3600187937	0.5221797725	173.6222271714	255.315	110
II.Ci.c.125	0.3806272915	0.3501131016	126.6161436477	280.062	114
II.Ci.c.126	0.3837791731	0.3569518329	129.0860797033	280.060	114
II.Ci.c.127	0.0715935321	0.5614606957	139.6739967734	266.646	116
II.Ci.c.128	0.5084896856	0.3971173995	198.1578809274	277.336	116
II.Ci.c.129	0.5129886961	0.1995185091	146.1306716825	293.285	118
II.Ci.c.130	0.2239434477	0.5629809053	166.9610126801	276.188	120
II.Ci.c.131	0.3646073207	0.2326179920	110.5223988488	298.378	120
II.Ci.c.132	0.3758809553	0.3714191733	139.4763383031	298.922	122
II.Ci.c.133	0.4079687070	0.3467946424	142.9574365649	300.211	122
II.Ci.c.134	0.2582557078	0.2986633497	104.3188859584	302.238	122
II.Ci.c.135	0.2613665653	0.3010646289	108.3619916341	311.829	126
II.Ci.c.136	0.3955814740	0.3842771664	154.1379803565	308.316	126
II.Ci.c.137	0.3455455677	0.3273880159	126.5531673809	310.791	126
II.Ci.c.138	0.3385794074	0.2315252500	112.9484622797	318.336	128
II.Ci.c.139	0.3578601157	0.1829928242	111.3983832975	318.716	128
II.Ci.c.140	0.2662199199	0.2617288091	107.5138953175	322.958	130
II.Ci.c.141	0.4458373407	0.4219085904	195.1709699750	312.851	130
II.Ci.c.142	0.4161228347	0.3579128439	158.2418427194	319.125	130
II.Ci.c.143	0.4104164725	0.3814951548	166.1586070391	323.146	132
II.Ci.c.144	0.0693693379	0.6033646696	184.4392377108	303.372	132
II.Ci.c.145	0.4735978920	0.2313177546	156.9836879900	337.752	136
II.Ci.c.146	0.4799888062	0.2624795421	166.2000474547	337.042	136
II.Ci.c.147	0.4637112431	0.2858923789	164.6023344184	336.170	136
II.Ci.c.148	0.5206456110	0.2383685944	183.3096591850	342.274	138
II.Ci.c.149	0.4175792025	0.3246498436	159.0527052142	340.388	138
II.Ci.c.150	0.5093497308	0.1590840316	162.6587265245	343.423	138
II.Ci.c.151	0.0683834774	0.5833653062	181.4427818832	321.742	140
II.Ci.c.152	0.4639950316	0.3539989419	196.2961464240	352.779	144
II.Ci.c.153	0.3518330832	0.3639937352	155.4205568976	354.011	144
II.Ci.c.154	0.3153981646	0.2969797915	136.0121995709	366.662	148
II.Ci.c.155	0.4099850242	0.3706053839	184.4454176663	367.599	150
II.Ci.c.156	0.3231926176	0.3279135713	145.3798952880	369.993	150
II.Ci.c.157	0.4771765515	0.1801229299	167.7213251594	378.199	152
II.Ci.c.158	0.2973959601	0.2543194648	129.5705475970	377.705	152
II.Ci.c.159	0.3134720455	0.1840666537	124.0700355615	378.530	152
II.Ci.c.160	0.4160632302	0.3349978893	182.5440752184	384.788	156
II.Ci.c.161	0.3358161544	0.3881164707	172.8143824669	386.358	158
II.Ci.c.162	0.4870167590	0.2099302469	186.5727277418	397.676	160
II.Ci.c.163	0.2969877047	0.2221255009	132.0216562587	398.149	160
II.Ci.c.164	0.4156609919	0.3579596922	199.4409746332	402.608	164
II.Ci.c.165	0.4871928568	0.1661495427	187.7801397568	418.099	168
II.Ci.c.166	0.3638592241	0.3770170533	191.6726449737	416.030	170
II.Ci.c.167	0.2985413068	0.3181960211	160.2142776167	429.197	174
II.Ci.c.168	0.3102533155	0.3277636570	165.3209382776	429.196	174
II.Ci.c.169	0.3098999619	0.3285015035	165.4253970148	429.196	174
II.Ci.c.170	0.2767271690	0.2447992873	144.7823792155	437.609	176
II.Ci.c.171	0.4388627404	0.2371915812	190.4374989777	442.162	178
II.Ci.c.172	0.3625783597	0.3645069408	195.6153329373	436.274	178
II.Ci.c.173	0.4277449853	0.2640042862	192.0213587611	441.494	178
II.Ci.c.174	0.3729712940	0.2250121941	165.0090445138	442.699	178
II.Ci.c.175	0.2888390504	0.2160604105	149.4648328243	457.995	184
II.Ci.c.176	0.3666419820	0.1916460944	165.3779094251	463.044	186
II.Ci.c.177	0.2884663698	0.1819781618	151.5859612492	478.215	192
II.Ci.c.178	0.3749871963	0.1474830882	169.2093364950	483.234	194
II.Ci.c.179	0.3017673304	0.3279588878	185.8778154983	488.400	198
II.Ci.c.180	0.2920863313	0.2113564265	162.4404868020	497.887	200
II.Ci.c.181	0.3363227387	0.1931223679	171.4994464900	502.925	202
II.Ci.c.182	0.2965212394	0.3180127676	192.7713804348	518.004	210
II.Ci.c.183	0.3263964865	0.1928214109	175.7091618817	522.865	210
II.Ci.c.184	0.3066734671	0.2613669948	189.5879550733	541.439	218
II.Ci.c.185	0.2992280886	0.1590598797	173.1881049209	548.070	220
II.Ci.c.186	0.3117925543	0.1916312640	185.1588528533	562.745	226
II.Ci.c.187	0.3033738636	0.2176185571	193.8770772063	582.359	234
II.Ci.c.188	0.2604465076	0.2256869065	196.6479293263	617.213	248
II.Ci.c.189	0.0667327899	0.2912867569	13.3697110598	44.585	18
II.Ci.c.190	0.0539725385	0.3917593746	15.2796210778	44.221	18
II.Ci.c.191	0.4271293811	0.6282376589	58.8959853789	39.689	18
II.Ci.c.192	0.1459197548	0.0434579988	16.8197113393	63.731	26
II.Ci.c.193	0.0734343088	0.2956785083	22.4013173133	74.175	30
II.Ci.c.194	0.5555876261	0.4214936039	75.1051252007	79.771	34
II.Ci.c.195	0.1873991947	0.4829394618	40.3052946558	88.940	38
II.Ci.c.196	0.3268704330	0.4439931746	46.4481084914	92.956	38
II.Ci.c.197	0.0772553729	0.0962935023	25.8396411521	99.351	40
II.Ci.c.198	0.4805076338	0.5832469030	131.5712571441	91.825	40
II.Ci.c.199	0.0759936918	0.2997588242	31.5191656332	103.772	42
II.Ci.c.200	0.2513336605	0.3012408423	37.4214190867	108.895	44
II.Ci.c.201	0.2224798560	0.3218943929	38.7911677318	113.081	46
II.Ci.c.202	0.1727411576	0.3365007421	39.3444245245	117.243	48
II.Ci.c.203	0.3449378402	0.4918716974	72.6547174942	122.583	52
II.Ci.c.204	0.3984837145	0.4527620517	76.7667464654	128.345	54
II.Ci.c.205	0.3107903232	0.4359615931	67.9349980910	142.684	58
II.Ci.c.206	0.0995077146	0.3957710385	51.8957289725	146.826	60
II.Ci.c.207	0.2712629218	0.5766902452	95.1895194685	138.097	60
II.Ci.c.208	0.3791031878	0.5143377515	100.3150104107	144.457	62
II.Ci.c.209	0.2816496180	0.3514755712	60.0376470543	156.172	64
II.Ci.c.210	0.3851685224	0.5086415312	106.2835399139	153.696	66
II.Ci.c.211	0.4036022580	0.5028840213	109.6282058892	153.695	66
II.Ci.c.212	0.3011541892	0.5487167377	102.8385494278	156.786	68
II.Ci.c.213	0.3082337510	0.5516573762	105.5334666717	156.785	68
II.Ci.c.214	0.5201916309	0.2123324421	87.2860842631	168.920	68
II.Ci.c.215	0.2512381225	0.3272400470	61.3992062163	172.282	70
II.Ci.c.216	0.3800232997	0.5162361284	114.2142913903	162.934	70
II.Ci.c.217	0.3975219956	0.4882458860	112.4811763381	168.800	72
II.Ci.c.218	0.1829585594	0.2103495753	55.5611081365	189.628	76
II.Ci.c.219	0.3085347089	0.5520329973	118.2139479118	175.260	76
II.Ci.c.220	0.4492249567	0.4587831231	127.0667084547	180.390	76
II.Ci.c.221	0.3837232497	0.5140136806	127.4087704175	181.411	78
II.Ci.c.222	0.3434370240	0.3432358104	80.1579217509	192.405	78
II.Ci.c.223	0.3085741714	0.5449851912	121.1980464816	184.498	80
II.Ci.c.224	0.5144801407	0.2857654410	117.3488690365	207.219	84
II.Ci.c.225	0.2872301587	0.5602387584	128.9199840181	193.496	84
II.Ci.c.226	0.3934771561	0.4902364154	130.3922423022	196.521	84
II.Ci.c.227	0.5186642945	0.4541901634	178.6359517335	198.854	84
II.Ci.c.228	0.3524931856	0.4505770398	110.5012506668	206.707	86
II.Ci.c.229	0.3697593874	0.5206204356	138.5644185707	199.887	86
II.Ci.c.230	0.1744019921	0.5732931066	119.3409051099	202.528	88
II.Ci.c.231	0.2507324209	0.5609900202	132.5826540167	211.967	92
II.Ci.c.232	0.3102568382	0.3782456948	98.4450118457	234.185	96
II.Ci.c.233	0.3164477867	0.3698035086	100.1147034290	239.623	98
II.Ci.c.234	0.5017058130	0.3990265330	164.4248192381	234.552	98
II.Ci.c.235	0.4964835592	0.4057747351	164.5510136944	234.550	98
II.Ci.c.236	0.4408929544	0.4698230681	167.8693941629	235.912	100
II.Ci.c.237	0.2461487944	0.6145395833	178.2090341298	229.958	100
II.Ci.c.238	0.4984243728	0.3329687902	148.3551137804	251.596	102
II.Ci.c.239	0.3700247775	0.5202555395	164.0744043589	236.839	102
II.Ci.c.240	0.0760602620	0.5596439595	124.7398513280	239.095	104
II.Ci.c.241	0.2629848757	0.5682829440	157.2343331952	239.454	104
II.Ci.c.242	0.4412121748	0.4675245937	173.2839445231	245.159	104
II.Ci.c.243	0.2823167104	0.3047669596	93.9381222516	262.167	106
II.Ci.c.244	0.4148849874	0.4294385631	152.4007166724	260.708	108
II.Ci.c.245	0.2590526978	0.5675456785	161.7057059926	248.687	108
II.Ci.c.246	0.4127173212	0.4811313628	172.7271237236	254.407	108
II.Ci.c.247	0.2984774772	0.3112529516	99.9639866944	270.552	110
II.Ci.c.248	0.4548792495	0.0896454467	108.4524334532	274.035	110
II.Ci.c.249	0.2665841319	0.3022483726	102.1824317103	291.781	118
II.Ci.c.250	0.4844029847	0.3736255064	177.3515504868	286.659	118
II.Ci.c.251	0.3411937664	0.3825680644	131.0523112095	293.481	120
II.Ci.c.252	0.0586366068	0.5597110167	142.9605350754	275.837	120
II.Ci.c.253	0.3804169509	0.4572231874	169.3702787280	292.272	122
II.Ci.c.254	0.5037923362	0.1747438086	143.5988884160	303.516	122
II.Ci.c.255	0.2561269120	0.5608155668	180.1580642764	285.625	124
II.Ci.c.256	0.2837482257	0.5614963919	189.9268027134	285.626	124
II.Ci.c.257	0.5131588515	0.2602604185	168.5910027941	311.829	126
II.Ci.c.258	0.4645822446	0.1953706981	147.6469709211	338.292	136
II.Ci.c.259	0.2917230338	0.3452541720	130.3529990771	337.917	138
II.Ci.c.260	0.3112891054	0.2267370723	121.6024452554	358.246	144
II.Ci.c.261	0.2454949884	0.2540955605	117.1126560935	362.908	146
II.Ci.c.262	0.0287862275	0.5707533073	181.4588447950	340.130	148
II.Ci.c.263	0.2562136355	0.2838084549	125.6570100053	371.909	150
II.Ci.c.264	0.4170034770	0.3102262150	168.4651914531	369.988	150
II.Ci.c.265	0.3144776347	0.3384505706	147.5270266470	374.131	152
II.Ci.c.266	0.4918473155	0.2454925215	187.4542190908	377.057	152
II.Ci.c.267	0.3761809218	0.3532059176	170.5138193587	378.349	154
II.Ci.c.268	0.3056392216	0.1836258098	129.2171362065	398.468	160
II.Ci.c.269	0.4960977515	0.2385446088	197.8631582971	397.054	160
II.Ci.c.270	0.4104114120	0.3445688496	192.5445595982	403.834	164
II.Ci.c.271	0.2467372077	0.2775100851	136.6911306267	411.921	166
II.Ci.c.272	0.4575453115	0.1342591236	170.7060517460	418.405	168
II.Ci.c.273	0.4172215985	0.2993562736	192.1261448292	429.215	174
II.Ci.c.274	0.2949718542	0.1827156599	140.1366752667	438.342	176
II.Ci.c.275	0.2855835377	0.2660169761	149.6591730432	437.035	176
II.Ci.c.276	0.3603318276	0.2709274707	177.5718855596	461.490	186
II.Ci.c.277	0.2507351786	0.2255040571	149.0890582528	472.908	190
II.Ci.c.278	0.3629372328	0.3162617929	195.3285969934	473.584	192
II.Ci.c.279	0.3489312300	0.1929567624	167.8515325534	482.985	194
II.Ci.c.280	0.3367192080	0.2245212441	169.5289089831	482.607	194
II.Ci.c.281	0.3345518669	0.2491328461	173.2986495241	482.106	194
II.Ci.c.282	0.2661161012	0.2372575353	161.3204581667	497.491	200
II.Ci.c.283	0.3263451304	0.2232000030	173.6238700114	502.560	202
II.Ci.c.284	0.2691801071	0.2735720090	174.8747847822	516.330	208
II.Ci.c.285	0.3871025522	0.0815328019	180.8302707269	523.214	210
II.Ci.c.286	0.3160793968	0.2637288074	185.5272060127	521.457	210
II.Ci.c.287	0.2760184543	0.3032382309	185.9955024470	524.332	212
II.Ci.c.288	0.2727528907	0.2677183168	181.1571379148	536.321	216
II.Ci.c.289	0.2622757577	0.2330074672	172.7824864667	537.404	216
II.Ci.c.290	0.3183530021	0.1922865149	180.2913171422	542.805	218
II.Ci.c.291	0.3399550132	0.1541144944	180.7565986170	543.034	218
II.Ci.c.292	0.3631773805	0.0949879733	181.4207291447	543.146	218
II.Ci.c.293	0.3065816346	0.2427199104	185.8437676373	542.005	218
II.Ci.c.294	0.3498808794	0.1024629340	184.8631924652	563.078	226
II.Ci.c.295	0.2992239248	0.2591926454	194.1284833538	561.418	226
II.Ci.c.296	0.3075000551	0.2752303164	199.8953995457	560.764	226
II.Ci.c.297	0.3397933101	0.1078662760	189.0456502718	583.010	234
II.Ci.c.298	0.2461251004	0.2456980192	191.0226619103	596.818	240
II.Ci.c.299	0.2470038592	0.2437055901	197.1869561423	616.780	248
II.Ci.c.300	0.3259384766	0.1144879319	198.6920179177	622.874	250	